--------------------------------------------------- 
Notch Width: 40.0 nanometers 
Reflection Percentage: 2.8356855753619725 
Transmission Percentage: 93.84988533131926 
Total Loss Percentage: 3.3144290933187692 
Percentage of Light Accounted For: 100.0 
Upper Loss Percentage: 1.8211923049855865 
Lower Loss Percentage: 0.9743498327379995 
Percentage of Total Loss Accounted For: 84.0 
Normalized Upper Loss Percentage: 2.1592279646651273 

 
FUNDAMENTAL MODE 
Re(r00): [1.70169902e+09] 
Im(r00): [0.] 
Re(r01): [315464.87438345] 
Im(r01): [0.] 
Re(t00): [-1.18773118e+15] 
Im(t00): [0.] 
Re(t01): [-7.42020815e+11] 
Im(t01): [0.] 
Re(su0): 0.13495155816016302 
Im(su0): 0.0 
Re(sd0): 0.09870916030126077 
Im(sd0): 0.0 

--------------------------------------------------- 
--------------------------------------------------- 
FIRST ORDER MODE 
Re(r10): [-2.73911077e+08] 
Im(r10): [0.] 
Re(r11): [39807653.12617975] 
Im(r11): [0.] 
Re(t10): [-4.55734112e+13] 
Im(t10): [0.] 
Re(t11): [-8.24387456e+13] 
Im(t11): [0.] 
Re(su1): 0.15092862440944732 
Im(su1): 0.0 
Re(sd1): 0.13222247840928955 
Im(sd1): 0.0 
--------------------------------------------------- 
